0.013044331222772598
0.013902890495955944
0.015017104335129261
0.016191910952329636
0.017452076077461243
0.01866687647998333
0.01977551355957985
0.020775774493813515
0.02168734185397625
0.02252717688679695
0.02330431342124939
0.024023156613111496
0.024687092751264572
0.0252997986972332
0.025865226984024048
0.026387173682451248
0.026869095861911774
0.027314091101288795
0.027724966406822205
0.028104335069656372
0.028454598039388657
0.02877798303961754
0.029076553881168365
0.029352210462093353
0.02960670366883278
0.029841680079698563
0.0300586000084877
0.03025888279080391
0.030443768948316574
0.03061448037624359
0.030772075057029724
0.03091757372021675
0.031051896512508392
0.03117591142654419
0.03129039704799652
0.031396109610795975
0.03149368241429329
0.03158378601074219
0.03166695311665535
0.03174373880028725
0.031814634799957275
0.03188008815050125
0.031940508633852005
0.03199630230665207
0.03204780071973801
0.032095346599817276
0.032139234244823456
0.032179757952690125
0.03221717104315758
0.03225172311067581
0.03228360414505005
0.03231305256485939
0.03234022855758667
0.03236531838774681
0.03238847851753235
0.03240986168384552
0.03242960944771767
0.03244784101843834
0.032464660704135895
0.03248020261526108
0.032494544982910156
0.03250779211521149
0.03252001479268074
0.03253130242228508
0.03254171833395958
0.03255134075880051
0.03256022930145264
0.03256842494010925
0.03257599472999573
0.032582979649305344
0.03258943930268288
0.03259539604187012
0.03260088711977005
0.03260597586631775
0.032610658556222916
0.03261497989296913
0.032618965953588486
0.03262266516685486
0.03262607380747795
0.032629214227199554
0.032632116228342056
0.03263479471206665
0.032637275755405426
0.03263955935835838
0.032641660422086716
0.03264360874891281
0.03264540806412697
0.032647062093019485
0.032648589462041855
0.032650016248226166
0.032651323825120926
0.03265252336859703
0.032653629779815674
0.032654665410518646
0.032655611634254456
0.032656483352184296
0.03265729546546936
0.03265804424881935
0.03265872597694397
0.032659366726875305
0.032659947872161865
0.03266049921512604
0.03266099467873573
0.03266146779060364
0.032661888748407364
0.032662283629179
0.03266265243291855
0.03266298398375511
0.03266329690814018
0.03266358748078346
0.032663844525814056
0.032664090394973755
0.03266431763768196
0.03266451880335808
0.0326647087931633
0.03266489505767822
0.03266506269574165
0.032665204256772995
0.032665349543094635
0.03266547620296478
0.032665591686964035
0.03266570344567299
0.032665807753801346
0.032665904611349106
0.032665982842445374
0.03266606479883194
0.03266613557934761
0.03266620635986328
0.03266626596450806
0.032666321843862534
0.03266637772321701
0.03266642987728119
0.032666467130184174
0.032666511833667755
0.03266654908657074
0.03266659379005432
0.03266662359237671
0.0326666496694088
0.032666679471731186
0.032666705548763275
0.032666727900505066
0.03266675025224686
0.03266676887869835
0.03266678377985954
0.032666802406311035
0.03266682103276253
0.03266683593392372
0.03266684710979462
0.032666854560375214
0.032666873186826706
0.0326668880879879
0.032666899263858795
0.03266690671443939
0.03266691416501999
0.032666925340890884
0.03266693279147148
0.03266694024205208
0.03266694396734238
0.032666951417922974
0.03266695514321327
0.03266695514321327
0.03266695886850357
0.03266696259379387
0.032666970044374466
0.032666973769664764
0.032666973769664764
0.032666973769664764
0.032666973769664764
0.03266697749495506
0.03266698122024536
0.03266698122024536
0.03266698122024536
0.03266698122024536
0.03266698122024536
0.03266698494553566
0.03266698494553566
0.03266698494553566
0.03266698867082596
0.03266699239611626
0.032666996121406555
0.032666996121406555
0.032666996121406555
0.032666999846696854
0.032666999846696854
0.03266700357198715
0.032666999846696854
0.03266700357198715
0.03266700729727745
0.03266700729727745
0.03266701474785805
0.032667018473148346
0.03266701474785805
0.032667018473148346
0.032667018473148346
0.032667018473148346
0.032667022198438644
0.032667022198438644
0.032667018473148346
0.032667018473148346
0.032667018473148346
0.032667018473148346
0.03266701474785805
0.03266701474785805
0.032667018473148346
0.032667018473148346
0.032667018473148346
0.032667018473148346
0.03266701474785805
0.032667018473148346
0.032667022198438644
0.03266702592372894
0.032667018473148346
0.032667022198438644
0.032667022198438644
0.03266701474785805
0.032667018473148346
0.032667018473148346
0.032667022198438644
0.032667018473148346
0.032667018473148346
0.032667018473148346
0.032667018473148346
0.032667018473148346
0.03266701474785805
0.032667018473148346
0.032667018473148346
0.032667018473148346
0.03266701474785805
0.032667022198438644
0.03266702592372894
0.032667018473148346
0.032667018473148346
0.032667018473148346
0.032667018473148346
0.032667022198438644
0.032667022198438644
0.032667022198438644
0.032667018473148346
0.03266701474785805
0.032667022198438644
0.032667022198438644
0.03266702592372894
0.032667022198438644
0.03266701474785805
0.032667018473148346
0.03266702592372894
0.03266702592372894
0.032667022198438644
0.032667018473148346
0.032667022198438644
0.032667022198438644
0.032667018473148346
0.032667022198438644
0.032667022198438644
0.032667018473148346
0.032667018473148346
0.032667018473148346
0.032667018473148346
0.03266701474785805
0.032667018473148346
0.032667018473148346
0.03266701474785805
0.032667018473148346
0.032667022198438644
0.032667018473148346
0.032667018473148346
0.032667018473148346
0.032667018473148346
0.03266701474785805
0.03266701474785805
0.032667018473148346
0.032667018473148346
0.032667018473148346
0.032667018473148346
0.032667018473148346
0.032667022198438644
0.032667022198438644
0.032667022198438644
0.032667018473148346
0.032667018473148346
0.03266701474785805
0.03266701474785805
0.032667018473148346
0.032667022198438644
0.032667018473148346
0.032667018473148346
0.032667018473148346
0.032667018473148346
0.032667022198438644
0.032667018473148346
0.032667022198438644
0.032667018473148346
0.032667018473148346
0.03266701474785805
0.03266701474785805
0.032667018473148346
0.032667022198438644
0.032667022198438644
0.032667018473148346
0.032667018473148346
0.032667022198438644
0.032667022198438644
0.032667022198438644
0.032667022198438644
0.032667022198438644
0.032667018473148346
0.032667018473148346
0.032667022198438644
0.032667022198438644
0.032667018473148346
0.032667018473148346
0.03266701474785805
0.032667018473148346
0.032667022198438644
0.032667022198438644
0.032667018473148346
0.032667022198438644
0.032667018473148346
0.032667018473148346
0.032667018473148346
0.032667022198438644
0.032667022198438644
0.032667022198438644
0.032667018473148346
0.032667018473148346
0.032667018473148346
0.032667018473148346
0.032667018473148346
0.032667018473148346
0.032667018473148346
0.032667022198438644
0.032667018473148346
0.032667022198438644
0.03266701474785805
0.032667022198438644
0.032667018473148346
0.032667022198438644
0.032667022198438644
0.032667022198438644
0.032667018473148346
0.032667018473148346
0.03266701474785805
0.032667018473148346
0.03266702592372894
0.032667022198438644
0.032667022198438644
0.032667022198438644
0.032667022198438644
0.032667018473148346
0.032667022198438644
0.032667022198438644
0.032667022198438644
0.032667022198438644
0.032667022198438644
0.032667018473148346
0.032667018473148346
0.03266702592372894
0.03266702592372894
0.032667022198438644
0.032667022198438644
0.032667022198438644
0.032667018473148346
0.032667018473148346
0.032667018473148346
0.032667018473148346
0.03266701474785805
0.03266701474785805
0.032667018473148346
0.032667018473148346
0.032667018473148346
0.032667018473148346
0.032667018473148346
0.032667022198438644
0.032667022198438644
0.032667022198438644
0.032667018473148346
0.032667018473148346
0.032667018473148346
0.032667018473148346
0.032667022198438644
0.032667022198438644
0.032667018473148346
0.032667018473148346
0.032667018473148346
0.032667018473148346
0.032667018473148346
0.032667022198438644
0.032667018473148346
0.032667018473148346
0.032667018473148346
0.032667018473148346
0.032667018473148346
0.03266701474785805
0.032667018473148346
0.032667022198438644
0.032667022198438644
0.032667022198438644
0.032667018473148346
0.03266701474785805
0.03266701474785805
0.032667018473148346
0.032667022198438644
0.032667022198438644
0.032667022198438644
0.032667022198438644
0.032667018473148346
0.032667018473148346
0.03266701474785805
0.03266701474785805
0.032667018473148346
0.032667022198438644
0.032667018473148346
0.032667022198438644
0.032667022198438644
0.032667018473148346
0.032667018473148346
0.032667018473148346
0.032667022198438644
0.032667022198438644
0.032667022198438644
0.032667022198438644
0.032667018473148346
0.03266701474785805
0.032667018473148346
0.032667022198438644
0.032667022198438644
0.032667022198438644
0.032667018473148346
0.03266701474785805
0.032667018473148346
0.032667018473148346
0.032667022198438644
0.032667022198438644
0.032667022198438644
0.03266701474785805
0.032667022198438644
0.032667022198438644
0.032667022198438644
0.032667018473148346
0.032667018473148346
0.032667018473148346
0.032667022198438644
0.032667022198438644
0.032667018473148346
0.03266701474785805
0.032667018473148346
0.032667022198438644
0.03266702592372894
0.032667022198438644
0.032667018473148346
0.032667018473148346
0.032667022198438644
0.032667022198438644
0.032667022198438644
0.032667018473148346
0.032667022198438644
0.032667022198438644
0.032667018473148346
0.032667018473148346
0.032667018473148346
0.032667018473148346
0.032667018473148346
0.032667018473148346
0.03266701474785805
0.032667018473148346
0.032667018473148346
0.032667022198438644
0.032667022198438644
0.032667018473148346
0.032667018473148346
0.032667022198438644
0.032667018473148346
0.032667018473148346
0.032667022198438644
0.032667022198438644
0.032667022198438644
0.032667018473148346
0.032667018473148346
0.032667018473148346
0.032667018473148346
0.032667018473148346
0.03266701474785805
0.03266701474785805
0.03266701474785805
0.032667018473148346
0.032667018473148346
0.032667018473148346
0.032667018473148346
0.032667018473148346
0.032667018473148346
0.032667018473148346
0.032667022198438644
0.032667022198438644
0.032667018473148346
0.032667018473148346
0.032667018473148346
0.03266702592372894
0.032667022198438644
0.032667018473148346
0.032667018473148346
0.032667018473148346
0.03266701474785805
0.032667018473148346
0.032667022198438644
0.032667018473148346
0.032667018473148346
0.032667022198438644
0.032667018473148346
0.032667022198438644
0.032667018473148346
0.032667018473148346
0.032667018473148346
0.032667018473148346
0.032667018473148346
0.032667022198438644
0.032667022198438644
0.032667018473148346
0.032667018473148346
0.032667018473148346
0.032667018473148346
0.032667018473148346
0.032667018473148346
0.032667022198438644
0.032667022198438644
0.032667022198438644
0.032667018473148346
0.032667018473148346
0.032667018473148346
0.032667018473148346
0.032667018473148346
0.032667018473148346
0.03266701474785805
0.032667018473148346
0.032667018473148346
0.032667018473148346
0.03266701474785805
0.032667018473148346
0.032667022198438644
0.032667022198438644
0.032667018473148346
0.032667018473148346
0.032667022198438644
0.032667022198438644
0.032667018473148346
0.032667018473148346
0.03266701474785805
0.032667018473148346
0.032667018473148346
0.032667018473148346
0.032667018473148346
0.032667018473148346
0.032667018473148346
0.032667018473148346
0.032667018473148346
0.032667018473148346
0.032667022198438644
0.032667022198438644
0.032667022198438644
0.032667022198438644
0.032667022198438644
0.03266702592372894
0.032667022198438644
0.032667018473148346
0.032667018473148346
0.032667022198438644
0.032667022198438644
0.032667022198438644
0.032667022198438644
0.032667022198438644
0.032667018473148346
0.032667018473148346
0.032667018473148346
0.032667022198438644
0.032667022198438644
0.032667022198438644
0.032667022198438644
0.032667022198438644
0.032667018473148346
0.032667018473148346
0.032667018473148346
0.032667022198438644
0.032667018473148346
0.032667018473148346
0.032667018473148346
0.032667018473148346
0.032667018473148346
0.03266701474785805
0.03266701474785805
0.03266701474785805
0.032667018473148346
0.032667018473148346
0.032667018473148346
0.03266701474785805
0.03266701474785805
0.032667018473148346
0.032667018473148346
0.032667018473148346
0.032667018473148346
0.032667018473148346
0.032667022198438644
0.032667022198438644
0.032667022198438644
0.032667018473148346
0.032667022198438644
0.032667022198438644
0.032667022198438644
0.03266701474785805
0.032667018473148346
0.03266702592372894
0.03266702592372894
0.032667018473148346
0.032667018473148346
0.032667022198438644
0.032667022198438644
0.032667018473148346
0.032667018473148346
0.032667022198438644
0.032667022198438644
0.03266702592372894
0.032667022198438644
0.03266701474785805
0.032667018473148346
0.032667022198438644
0.03266702592372894
0.032667018473148346
0.032667018473148346
0.032667018473148346
0.032667018473148346
0.032667018473148346
0.03266701474785805
0.03266701474785805
0.032667018473148346
0.032667022198438644
0.032667022198438644
0.032667022198438644
0.032667022198438644
0.032667018473148346
0.032667018473148346
0.03266701474785805
0.032667018473148346
0.032667022198438644
0.032667022198438644
0.032667022198438644
0.032667022198438644
0.032667022198438644
0.032667022198438644
0.032667018473148346
0.032667018473148346
0.032667018473148346
0.032667018473148346
0.032667022198438644
0.032667022198438644
0.032667022198438644
0.03266701474785805
0.032667018473148346
0.032667018473148346
0.032667022198438644
0.032667018473148346
0.032667022198438644
0.032667018473148346
0.032667018473148346
0.032667018473148346
0.032667018473148346
0.032667018473148346
0.03266701474785805
0.03266701474785805
0.03266701474785805
0.032667018473148346
0.032667018473148346
0.032667018473148346
0.032667018473148346
0.032667018473148346
0.032667022198438644
0.032667018473148346
0.032667022198438644
0.032667022198438644
0.032667022198438644
0.032667018473148346
0.032667018473148346
0.032667018473148346
0.032667022198438644
0.032667022198438644
0.032667018473148346
0.032667018473148346
0.032667018473148346
0.03266701474785805
0.032667018473148346
0.032667018473148346
0.032667022198438644
0.032667022198438644
0.032667022198438644
0.032667018473148346
0.032667018473148346
0.032667018473148346
0.03266702592372894
0.032667022198438644
0.032667022198438644
0.032667022198438644
0.032667018473148346
0.032667022198438644
0.032667018473148346
0.032667018473148346
0.032667022198438644
0.032667022198438644
0.032667022198438644
0.032667018473148346
0.032667018473148346
0.032667022198438644
0.032667018473148346
0.032667018473148346
0.032667022198438644
0.032667022198438644
0.032667018473148346
0.032667022198438644
0.032667018473148346
0.032667018473148346
0.032667022198438644
0.032667022198438644
0.032667018473148346
0.032667018473148346
0.032667018473148346
0.032667018473148346
0.032667022198438644
0.03266702592372894
0.032667022198438644
0.032667018473148346
0.032667018473148346
0.032667022198438644
0.032667022198438644
0.032667022198438644
0.032667018473148346
0.032667018473148346
0.032667022198438644
0.032667022198438644
0.032667022198438644
0.032667018473148346
0.032667022198438644
0.032667022198438644
0.032667018473148346
0.032667022198438644
0.032667022198438644
0.032667018473148346
0.032667022198438644
0.032667022198438644
0.032667018473148346
0.032667018473148346
0.032667018473148346
0.032667022198438644
0.032667022198438644
0.032667022198438644
0.032667018473148346
0.032667018473148346
0.032667018473148346
0.032667018473148346
0.032667018473148346
0.032667018473148346
0.032667018473148346
0.03266701474785805
0.03266701474785805
0.032667018473148346
0.032667018473148346
0.03266701474785805
0.032667018473148346
0.032667022198438644
0.032667022198438644
0.03266702592372894
0.032667022198438644
0.032667018473148346
0.032667018473148346
0.032667018473148346
0.032667018473148346
0.032667022198438644
0.032667018473148346
0.032667018473148346
0.032667018473148346
0.032667018473148346
0.03266701474785805
0.032667018473148346
0.032667018473148346
0.032667018473148346
0.032667018473148346
0.032667018473148346
0.032667018473148346
0.032667018473148346
0.032667018473148346
0.032667022198438644
0.032667022198438644
0.032667022198438644
0.032667022198438644
0.032667018473148346
0.032667018473148346
0.03266701474785805
0.03266701474785805
0.032667018473148346
0.032667022198438644
0.032667022198438644
0.032667018473148346
0.032667018473148346
0.032667018473148346
0.032667018473148346
0.032667018473148346
0.03266701474785805
0.03266701474785805
0.03266701474785805
0.032667018473148346
0.032667018473148346
0.032667018473148346
0.032667018473148346
0.032667018473148346
0.03266701474785805
0.032667018473148346
0.032667022198438644
0.032667022198438644
0.032667018473148346
0.032667018473148346
0.032667022198438644
0.032667022198438644
0.03266702592372894
0.032667022198438644
0.032667018473148346
0.032667022198438644
0.032667022198438644
0.032667018473148346
0.032667018473148346
0.032667022198438644
0.03266702592372894
0.032667018473148346
0.032667022198438644
0.032667022198438644
0.032667018473148346
0.032667018473148346
0.032667018473148346
0.032667018473148346
0.032667018473148346
0.03266701474785805
0.032667018473148346
0.032667018473148346
0.032667018473148346
0.032667018473148346
0.03266701474785805
0.032667018473148346
0.032667018473148346
0.032667022198438644
0.032667022198438644
0.032667018473148346
0.032667022198438644
0.032667022198438644
0.032667022198438644
0.032667018473148346
0.032667018473148346
0.032667018473148346
0.03266701474785805
0.03266701474785805
0.03266701474785805
0.032667018473148346
0.032667022198438644
0.032667018473148346
0.032667018473148346
0.032667018473148346
0.032667018473148346
0.032667022198438644
0.032667022198438644
0.03266701474785805
0.032667022198438644
0.032667022198438644
0.032667022198438644
0.032667018473148346
0.03266701474785805
0.032667018473148346
0.032667018473148346
0.03266702592372894
0.032667022198438644
0.032667022198438644
0.032667018473148346
0.032667018473148346
0.032667022198438644
0.032667022198438644
0.032667018473148346
0.032667018473148346
0.032667018473148346
0.032667018473148346
0.032667018473148346
0.032667018473148346
0.03266701474785805
0.032667022198438644
0.032667022198438644
0.032667022198438644
0.032667018473148346
0.032667018473148346
0.032667018473148346
0.032667022198438644
0.032667018473148346
0.032667018473148346
0.032667018473148346
0.03266701474785805
0.03266701474785805
0.03266701474785805
0.032667018473148346
0.03266701474785805
0.032667018473148346
0.032667018473148346
0.032667018473148346
0.032667018473148346
0.03266701474785805
0.03266701474785805
0.03266701474785805
0.032667018473148346
0.032667018473148346
0.032667018473148346
0.032667018473148346
0.032667018473148346
0.032667018473148346
0.032667018473148346
0.032667018473148346
0.032667018473148346
0.032667018473148346
0.032667018473148346
0.032667018473148346
0.03266701474785805
0.032667018473148346
0.032667018473148346
0.032667018473148346
0.032667018473148346
0.032667022198438644
0.032667022198438644
0.032667022198438644
0.032667018473148346
0.032667022198438644
0.032667022198438644
0.032667022198438644
0.032667022198438644
0.032667018473148346
0.032667018473148346
0.032667022198438644
0.032667022198438644
0.032667018473148346
0.032667022198438644
0.032667022198438644
0.032667018473148346
0.032667018473148346
0.032667018473148346
0.032667022198438644
0.032667022198438644
0.032667022198438644
0.032667018473148346
0.03266701474785805
0.032667018473148346
0.032667022198438644
0.03266702592372894
0.032667022198438644
0.032667018473148346
0.032667018473148346
0.032667022198438644
0.03266702592372894
0.032667022198438644
0.032667018473148346
0.032667018473148346
0.032667018473148346
0.032667022198438644
0.032667022198438644
0.032667022198438644
0.032667018473148346
0.032667018473148346
0.032667018473148346
0.032667022198438644
0.032667022198438644
0.03266702592372894
0.03266702592372894
0.032667018473148346
0.032667022198438644
0.032667022198438644
0.032667022198438644
0.032667018473148346
0.032667018473148346
0.032667018473148346
0.032667022198438644
0.032667022198438644
0.032667022198438644
0.032667022198438644
0.032667018473148346
0.032667022198438644
0.032667022198438644
0.032667022198438644
0.032667018473148346
0.032667018473148346
0.032667018473148346
0.032667022198438644
0.032667022198438644
0.032667022198438644
0.032667018473148346
0.032667018473148346
0.032667022198438644
0.032667022198438644
0.032667018473148346
0.032667018473148346
0.032667022198438644
0.032667022198438644
0.032667022198438644
0.032667018473148346
0.032667022198438644
0.03266702592372894
0.032667022198438644
0.032667018473148346
0.032667018473148346
0.032667022198438644
0.03266702592372894
0.032667022198438644
0.032667018473148346
0.032667018473148346
0.032667018473148346
0.032667022198438644
0.032667022198438644
0.032667022198438644
0.032667022198438644
0.032667018473148346
0.032667022198438644
0.032667022198438644
0.032667022198438644
0.032667022198438644
0.032667022198438644
0.032667018473148346
0.032667018473148346
0.032667018473148346
0.03266702592372894
0.032667022198438644
0.032667022198438644
0.032667022198438644
0.032667018473148346
0.032667018473148346
0.032667022198438644
0.032667022198438644
0.032667018473148346
0.032667018473148346
0.032667018473148346
0.032667018473148346
0.032667018473148346
0.032667018473148346
0.03266701474785805
0.032667022198438644
0.032667022198438644
0.032667018473148346
0.032667022198438644
0.032667018473148346
0.032667018473148346
0.032667022198438644
0.032667022198438644
0.032667022198438644
0.032667018473148346
0.032667018473148346
0.032667022198438644
0.032667018473148346
0.032667018473148346
0.03266702592372894
0.032667022198438644
0.032667018473148346
0.032667018473148346
0.032667018473148346
0.032667018473148346
0.032667018473148346
0.03266701474785805
0.032667018473148346
0.032667018473148346
0.032667018473148346
0.032667018473148346
0.032667018473148346
0.032667022198438644
0.032667022198438644
0.032667018473148346
0.032667018473148346
0.032667022198438644
0.03266702592372894
0.032667022198438644
0.032667022198438644
0.032667022198438644
0.032667022198438644
0.032667022198438644
0.032667018473148346
0.032667018473148346
0.03266701474785805
0.03266701474785805
0.032667018473148346
0.032667022198438644
0.032667018473148346
0.03266702592372894
0.032667022198438644
0.032667018473148346
0.032667018473148346
0.032667022198438644
0.032667022198438644
0.032667022198438644
0.03266701474785805
0.032667022198438644
0.032667018473148346
0.032667018473148346
0.032667018473148346
0.032667022198438644
0.032667022198438644
0.032667022198438644
0.032667018473148346
0.032667018473148346
0.032667018473148346
0.032667018473148346
0.032667022198438644
0.032667018473148346
0.032667018473148346
0.032667018473148346
0.032667018473148346
0.03266701474785805
0.03266701474785805
0.03266701474785805
0.032667018473148346
0.032667022198438644
0.032667018473148346
0.032667018473148346
0.032667018473148346
0.03266701474785805
0.03266701474785805
0.032667018473148346
0.032667022198438644
0.032667022198438644
0.032667018473148346
0.032667022198438644
0.03266702592372894
0.032667018473148346
0.032667022198438644
0.032667022198438644
0.032667018473148346
0.032667018473148346
0.032667018473148346
0.032667018473148346
0.032667022198438644
0.032667022198438644
0.032667022198438644
0.032667018473148346
0.032667018473148346
0.03266701474785805
0.032667018473148346
0.032667018473148346
0.032667022198438644
0.032667022198438644
0.032667022198438644
0.032667018473148346
0.032667018473148346
0.032667018473148346
0.032667018473148346
0.03266701474785805
0.032667018473148346
0.032667018473148346
0.032667018473148346
0.032667018473148346
0.03266701474785805
0.032667018473148346
0.03266701474785805
0.032667018473148346
0.032667022198438644
0.032667022198438644
0.032667018473148346
0.032667022198438644
0.032667022198438644
0.032667022198438644
0.032667018473148346
0.032667018473148346
0.032667018473148346
0.032667022198438644
0.032667022198438644
0.032667018473148346
0.03266701474785805
0.032667018473148346
0.032667018473148346
0.032667022198438644
0.032667022198438644
0.032667022198438644
0.03266702592372894
0.032667022198438644
0.032667018473148346
0.032667022198438644
0.032667022198438644
0.032667018473148346
0.032667018473148346
0.032667018473148346
0.032667018473148346
0.032667018473148346
0.032667018473148346
0.032667018473148346
0.032667022198438644
0.032667022198438644
0.032667022198438644
0.032667022198438644
0.032667022198438644
0.032667018473148346
0.032667018473148346
0.032667018473148346
0.032667018473148346
0.032667018473148346
0.03266701474785805
0.03266701474785805
0.032667018473148346
0.032667018473148346
0.032667018473148346
0.032667018473148346
0.032667018473148346
0.032667018473148346
0.032667022198438644
0.032667022198438644
0.032667018473148346
0.032667022198438644
0.032667022198438644
0.032667022198438644
0.032667018473148346
0.032667018473148346
0.032667018473148346
0.032667018473148346
0.03266701474785805
0.03266701474785805
0.032667018473148346
0.032667022198438644
0.032667018473148346
0.032667018473148346
0.032667018473148346
0.032667022198438644
0.032667018473148346
0.032667018473148346
0.032667018473148346
0.032667018473148346
0.03266701474785805
0.032667022198438644
0.032667022198438644
0.032667022198438644
0.032667018473148346
0.032667018473148346
0.032667018473148346
0.032667022198438644
0.032667022198438644
0.032667022198438644
0.032667022198438644
0.032667022198438644
0.032667022198438644
0.032667018473148346
0.032667018473148346
0.03266701474785805
0.032667018473148346
0.032667018473148346
0.032667022198438644
0.032667022198438644
0.032667018473148346
0.032667018473148346
0.032667018473148346
0.032667018473148346
0.032667022198438644
0.032667022198438644
0.032667018473148346
0.032667018473148346
0.032667018473148346
0.03266701474785805
0.032667018473148346
0.032667022198438644
0.032667022198438644
0.032667018473148346
0.032667022198438644
0.032667022198438644
0.032667022198438644
0.032667022198438644
0.032667018473148346
0.032667018473148346
0.032667022198438644
0.032667022198438644
0.032667018473148346
0.032667022198438644
0.032667022198438644
0.032667022198438644
0.032667018473148346
0.032667018473148346
0.032667018473148346
0.03266701474785805
0.032667018473148346
0.03266701474785805
0.032667018473148346
0.032667018473148346
0.032667022198438644
0.032667018473148346
0.032667022198438644
0.032667018473148346
0.032667022198438644
0.032667022198438644
0.03266701474785805
0.03266701474785805
0.032667018473148346
0.032667022198438644
0.032667018473148346
0.032667022198438644
0.032667022198438644
0.032667022198438644
0.032667022198438644
0.032667018473148346
0.032667018473148346
0.03266702592372894
0.03266702592372894
0.032667022198438644
0.032667018473148346
0.032667018473148346
0.032667018473148346
0.032667022198438644
0.032667022198438644
0.032667018473148346
0.032667018473148346
0.032667018473148346
0.032667018473148346
0.032667018473148346
0.032667022198438644
0.032667022198438644
0.032667022198438644
0.032667018473148346
0.032667018473148346
0.032667018473148346
0.032667022198438644
0.032667022198438644
0.032667018473148346
0.032667022198438644
0.032667022198438644
0.032667022198438644
0.032667018473148346
0.032667018473148346
0.032667022198438644
0.03266702592372894
0.032667022198438644
0.032667018473148346
0.032667018473148346
0.032667022198438644
0.032667018473148346
0.032667022198438644
0.032667018473148346
0.032667018473148346
0.032667018473148346
0.032667018473148346
0.032667018473148346
0.032667018473148346
0.03266701474785805
0.032667018473148346
0.03266701474785805
0.032667018473148346
0.032667022198438644
0.03266702592372894
0.03266702592372894
0.032667022198438644
0.032667018473148346
0.032667018473148346
0.032667022198438644
0.032667022198438644
0.032667018473148346
0.032667018473148346
0.032667018473148346
0.032667022198438644
0.032667022198438644
0.032667018473148346
0.03266701474785805
0.032667018473148346
0.032667022198438644
0.032667022198438644
0.032667022198438644
0.032667022198438644
0.032667018473148346
0.03266701474785805
0.032667022198438644
0.032667018473148346
0.03266702592372894
0.032667022198438644
0.032667022198438644
0.032667018473148346
0.032667018473148346
0.032667022198438644
0.03266702592372894
0.032667022198438644
0.032667018473148346
0.032667018473148346
0.032667022198438644
0.032667022198438644
0.032667022198438644
0.032667018473148346
0.03266701474785805
0.032667018473148346
0.032667022198438644
0.032667022198438644
0.032667018473148346
0.032667018473148346
0.03266701474785805
0.032667022198438644
0.032667022198438644
0.032667022198438644
0.032667018473148346
0.032667018473148346
0.032667018473148346
0.032667018473148346
0.032667018473148346
0.03266701474785805
0.03266701474785805
0.03266701474785805
0.032667018473148346
0.032667018473148346
0.032667022198438644
0.032667022198438644
0.032667022198438644
0.032667022198438644
0.032667018473148346
0.032667018473148346
0.032667022198438644
0.032667018473148346
0.032667018473148346
0.032667018473148346
0.032667018473148346
0.032667018473148346
0.03266701474785805
0.032667018473148346
0.032667018473148346
0.03266701474785805
0.032667022198438644
0.032667022198438644
0.032667022198438644
0.032667018473148346
0.032667018473148346
0.032667018473148346
0.032667022198438644
0.032667018473148346
0.032667022198438644
0.032667022198438644
0.032667018473148346
0.032667018473148346
0.032667018473148346
0.032667022198438644
0.032667018473148346
0.032667018473148346
0.032667018473148346
0.032667018473148346
0.032667018473148346
0.032667018473148346
0.03266701474785805
0.032667018473148346
0.032667018473148346
0.032667018473148346
0.032667018473148346
0.032667018473148346
0.032667018473148346
0.032667018473148346
0.032667018473148346
0.032667018473148346
0.032667018473148346
0.032667018473148346
0.032667018473148346
0.032667018473148346
0.032667018473148346
0.032667018473148346
0.032667018473148346
0.032667018473148346
0.032667018473148346
0.032667018473148346
0.032667018473148346
0.032667022198438644
0.032667022198438644
0.032667022198438644
0.032667022198438644
0.032667022198438644
0.032667018473148346
0.03266701474785805
0.032667018473148346
0.03266702592372894
0.032667022198438644
0.032667018473148346
0.032667018473148346
0.032667022198438644
0.032667022198438644
0.032667022198438644
0.032667018473148346
0.032667022198438644
0.032667018473148346
0.032667018473148346
0.032667022198438644
0.032667022198438644
0.032667018473148346
0.032667018473148346
0.03266702592372894
0.032667022198438644
0.03266702592372894
0.032667018473148346
0.032667018473148346
0.032667022198438644
0.032667022198438644
0.032667022198438644
0.03266701474785805
0.032667018473148346
0.03266701474785805
0.032667022198438644
0.032667022198438644
0.032667018473148346
0.032667018473148346
0.032667022198438644
0.032667022198438644
0.032667018473148346
0.032667022198438644
0.032667022198438644
0.032667018473148346
0.032667018473148346
0.032667018473148346
0.032667018473148346
0.032667018473148346
0.032667018473148346
0.03266701474785805
0.032667018473148346
0.032667022198438644
0.03266702592372894
0.032667022198438644
0.032667018473148346
0.032667018473148346
0.032667018473148346
0.032667022198438644
0.032667022198438644
0.032667022198438644
0.032667018473148346
0.032667018473148346
0.032667018473148346
0.032667018473148346
0.032667022198438644
0.032667022198438644
0.032667022198438644
0.032667022198438644
0.03266702592372894
0.032667022198438644
0.032667018473148346
0.032667018473148346
0.032667018473148346
0.032667018473148346
0.032667022198438644
0.032667022198438644
0.032667022198438644
0.032667018473148346
0.032667018473148346
0.032667022198438644
0.032667022198438644
0.032667022198438644
0.032667018473148346
0.032667018473148346
0.032667018473148346
0.032667018473148346
0.032667022198438644
0.032667018473148346
0.032667018473148346
0.032667022198438644
0.032667022198438644
0.032667018473148346
0.032667022198438644
0.032667022198438644
0.032667022198438644
0.032667022198438644
0.032667018473148346
0.032667018473148346
0.032667022198438644
0.032667022198438644
0.032667018473148346
0.03266701474785805
0.032667018473148346
0.032667022198438644
0.032667022198438644
0.032667022198438644
0.032667018473148346
0.03266701474785805
0.032667022198438644
0.032667022198438644
0.03266702592372894
0.032667022198438644
0.032667018473148346
0.03266701474785805
0.032667018473148346
0.03266702592372894
0.032667022198438644
0.032667022198438644
0.032667022198438644
0.032667018473148346
0.032667018473148346
0.032667018473148346
0.032667018473148346
0.032667018473148346
0.03266701474785805
0.03266701474785805
0.032667018473148346
0.032667018473148346
0.03266701474785805
0.032667018473148346
0.032667022198438644
0.032667022198438644
0.032667018473148346
0.032667018473148346
0.032667022198438644
0.032667022198438644
0.032667018473148346
0.032667018473148346
0.032667022198438644
0.032667022198438644
0.032667022198438644
0.032667018473148346
0.032667018473148346
0.032667018473148346
0.032667022198438644
0.032667018473148346
0.032667018473148346
0.032667018473148346
0.032667022198438644
0.032667018473148346
0.032667022198438644
0.032667022198438644
0.032667018473148346
0.032667018473148346
0.032667018473148346
0.032667018473148346
0.03266701474785805
0.032667018473148346
0.032667018473148346
0.032667018473148346
0.032667022198438644
0.032667022198438644
0.032667022198438644
0.032667018473148346
0.032667018473148346
0.032667018473148346
0.03266702592372894
0.032667022198438644
0.032667018473148346
0.032667018473148346
0.032667018473148346
0.032667018473148346
0.032667018473148346
0.032667022198438644
0.032667022198438644
0.032667018473148346
0.032667018473148346
0.032667022198438644
0.032667022198438644
0.032667022198438644
0.032667018473148346
0.032667018473148346
0.032667018473148346
0.03266702592372894
0.032667022198438644
0.032667018473148346
0.032667022198438644
0.032667022198438644
0.032667022198438644
0.032667018473148346
0.03266701474785805
0.032667018473148346
0.032667018473148346
0.032667022198438644
0.032667022198438644
0.032667022198438644
0.032667018473148346
0.032667018473148346
0.032667018473148346
0.032667022198438644
0.032667022198438644
0.032667022198438644
0.032667018473148346
0.032667018473148346
0.032667018473148346
0.03266701474785805
0.032667018473148346
0.032667022198438644
0.032667018473148346
0.032667022198438644
0.032667018473148346
0.032667018473148346
0.032667022198438644
0.032667022198438644
0.032667018473148346
0.032667022198438644
0.032667022198438644
0.032667022198438644
0.032667018473148346
0.032667018473148346
0.032667018473148346
0.032667018473148346
0.032667022198438644
0.032667022198438644
0.032667022198438644
0.032667022198438644
0.032667022198438644
0.032667022198438644
0.032667018473148346
0.032667018473148346
0.032667022198438644
0.032667018473148346
0.032667018473148346
0.032667018473148346
0.032667018473148346
0.032667018473148346
0.032667018473148346
0.032667018473148346
0.032667018473148346
0.03266701474785805
0.032667018473148346
0.032667018473148346
0.032667018473148346
0.032667018473148346
0.032667018473148346
0.032667018473148346
0.032667022198438644
0.032667022198438644
0.032667018473148346
0.03266701474785805
0.032667018473148346
0.032667018473148346
0.032667022198438644
0.032667022198438644
0.032667022198438644
0.032667022198438644
0.032667022198438644
0.032667018473148346
0.032667018473148346
0.03266701474785805
0.032667018473148346
0.032667018473148346
0.032667018473148346
0.032667018473148346
0.032667022198438644
0.032667022198438644
0.032667022198438644
0.032667018473148346
0.032667018473148346
0.032667018473148346
0.032667022198438644
0.032667022198438644
0.032667022198438644
0.032667018473148346
0.032667022198438644
0.032667022198438644
0.032667022198438644
0.032667018473148346
0.032667018473148346
0.032667018473148346
0.03266702592372894
0.032667022198438644
0.032667018473148346
0.032667022198438644
0.032667022198438644
0.032667018473148346
0.032667022198438644
0.032667022198438644
0.032667022198438644
0.032667018473148346
0.032667018473148346
0.032667018473148346
0.032667022198438644
0.032667022198438644
0.032667022198438644
0.032667022198438644
0.032667018473148346
0.032667022198438644
0.032667022198438644
0.032667022198438644
0.032667022198438644
0.032667022198438644
0.032667022198438644
0.032667018473148346
0.032667018473148346
0.032667022198438644
0.03266702592372894
0.032667022198438644
0.032667018473148346
0.032667022198438644
0.032667018473148346
0.032667022198438644
0.032667022198438644
0.032667022198438644
0.03266702592372894
0.032667022198438644
0.032667022198438644
0.032667022198438644
0.032667022198438644
0.032667022198438644
0.032667018473148346
0.032667022198438644
0.032667022198438644
0.032667022198438644
0.032667022198438644
0.032667018473148346
0.032667018473148346
0.032667022198438644
0.032667022198438644
0.032667022198438644
0.032667018473148346
0.032667018473148346
0.032667018473148346
0.032667018473148346
0.03266701474785805
0.03266701474785805
0.03266701474785805
0.032667018473148346
0.032667018473148346
0.032667018473148346
0.032667018473148346
0.032667022198438644
0.032667022198438644
0.032667022198438644
0.032667022198438644
0.032667022198438644
0.032667018473148346
0.032667018473148346
0.032667018473148346
0.032667018473148346
0.032667018473148346
0.032667018473148346
0.032667022198438644
0.032667022198438644
0.032667022198438644
0.032667022198438644
0.032667018473148346
0.032667018473148346
0.03266701474785805
0.032667018473148346
0.032667018473148346
0.032667022198438644
0.032667022198438644
0.032667018473148346
0.032667018473148346
0.032667018473148346
0.03266701474785805
0.032667018473148346
0.032667018473148346
0.032667022198438644
0.032667018473148346
0.032667022198438644
0.032667018473148346
0.032667018473148346
0.032667018473148346
0.032667018473148346
0.032667018473148346
0.032667018473148346
0.03266701474785805
0.03266701474785805
0.03266701474785805
0.03266701474785805
0.032667018473148346
0.032667018473148346
0.032667018473148346
0.032667018473148346
0.032667018473148346
0.032667022198438644
0.032667022198438644
0.032667018473148346
0.03266701474785805
0.032667018473148346
0.032667018473148346
0.032667022198438644
0.032667022198438644
0.032667022198438644
0.032667018473148346
0.032667018473148346
0.032667022198438644
0.032667022198438644
0.032667018473148346
0.032667018473148346
0.032667022198438644
0.032667022198438644
0.032667018473148346
0.032667018473148346
0.032667022198438644
0.032667022198438644
0.032667022198438644
0.032667018473148346
0.032667018473148346
0.032667018473148346
0.03266701474785805
0.03266701474785805
0.032667018473148346
0.032667018473148346
0.032667022198438644
0.032667022198438644
0.032667018473148346
0.032667022198438644
0.032667022198438644
0.032667018473148346
0.032667022198438644
0.032667022198438644
0.032667018473148346
0.032667022198438644
0.032667018473148346
0.032667018473148346
0.032667022198438644
0.032667022198438644
0.032667018473148346
0.032667018473148346
0.032667022198438644
0.03266702592372894
0.032667022198438644
0.032667022198438644
0.032667018473148346
0.032667022198438644
0.032667022198438644
0.032667022198438644
0.032667018473148346
0.032667018473148346
0.032667018473148346
0.03266701474785805
0.032667018473148346
0.032667022198438644
0.032667018473148346
0.032667018473148346
0.032667018473148346
0.032667018473148346
0.03266701474785805
0.03266701474785805
0.03266701474785805
0.03266701474785805
0.032667018473148346
0.032667018473148346
0.032667018473148346
0.032667018473148346
0.032667018473148346
0.032667018473148346
0.032667018473148346
0.03266701474785805
0.032667018473148346
0.032667018473148346
0.032667022198438644
0.032667022198438644
0.032667018473148346
0.032667018473148346
0.032667018473148346
0.03266701474785805
0.03266701474785805
0.032667018473148346
0.032667022198438644
0.032667022198438644
0.032667018473148346
0.032667018473148346
0.032667022198438644
0.032667018473148346
0.032667022198438644
0.032667022198438644
0.032667022198438644
0.032667018473148346
0.032667018473148346
0.032667022198438644
0.032667018473148346
0.032667018473148346
0.032667018473148346
0.032667018473148346
0.032667018473148346
0.032667018473148346
0.032667018473148346
0.032667018473148346
0.03266701474785805
0.032667018473148346
0.032667022198438644
0.032667022198438644
0.032667022198438644
0.032667018473148346
0.03266701474785805
0.032667018473148346
0.032667022198438644
0.03266702592372894
0.032667018473148346
0.032667018473148346
0.032667018473148346
0.032667018473148346
0.032667018473148346
0.032667022198438644
0.032667018473148346
0.032667018473148346
0.032667018473148346
0.03266701474785805
0.032667018473148346
0.032667022198438644
0.03266702592372894
0.032667018473148346
0.032667018473148346
0.032667018473148346
0.032667022198438644
0.032667018473148346
0.032667018473148346
0.032667018473148346
0.032667018473148346
0.032667018473148346
0.03266701474785805
0.032667018473148346
0.032667018473148346
0.032667018473148346
0.032667018473148346
0.03266701474785805
0.032667018473148346
0.032667018473148346
0.032667022198438644
0.032667018473148346
0.032667022198438644
0.032667022198438644
0.032667022198438644
0.032667018473148346
0.032667018473148346
0.032667018473148346
0.032667018473148346
0.032667022198438644
0.032667022198438644
0.032667022198438644
0.032667022198438644
0.032667022198438644
0.032667018473148346
0.032667018473148346
0.032667018473148346
0.03266701474785805
0.032667018473148346
0.032667018473148346
0.032667018473148346
0.03266701474785805
0.032667022198438644
0.032667022198438644
0.032667022198438644
0.032667022198438644
0.032667018473148346
0.032667018473148346
0.032667022198438644
0.032667018473148346
0.032667018473148346
0.032667018473148346
0.032667022198438644
0.032667018473148346
0.032667022198438644
0.032667022198438644
0.032667018473148346
0.032667018473148346
0.03266701474785805
0.032667018473148346
0.032667022198438644
0.032667022198438644
0.032667022198438644
0.032667018473148346
0.032667018473148346
0.03266702592372894
0.032667022198438644
0.032667018473148346
0.032667018473148346
0.032667022198438644
0.032667022198438644
0.032667018473148346
0.032667018473148346
0.032667018473148346
0.032667018473148346
0.032667018473148346
0.032667018473148346
0.032667018473148346
0.032667018473148346
0.03266701474785805
0.032667018473148346
0.032667018473148346
0.032667018473148346
0.032667022198438644
0.032667022198438644
0.032667022198438644
0.032667018473148346
0.032667018473148346
0.032667022198438644
0.03266702592372894
0.032667022198438644
0.032667022198438644
0.032667022198438644
0.032667018473148346
0.032667018473148346
0.032667018473148346
0.03266702592372894
0.032667022198438644
0.032667022198438644
0.03266702592372894
0.032667022198438644
0.03266702592372894
0.032667022198438644
0.032667018473148346
0.032667022198438644
0.032667022198438644
0.032667022198438644
0.032667018473148346
0.032667018473148346
0.032667022198438644
0.032667018473148346
0.032667018473148346
0.032667022198438644
0.032667022198438644
0.032667018473148346
0.03266701474785805
0.032667018473148346
0.032667022198438644
0.03266702592372894
0.032667018473148346
0.032667022198438644
0.032667018473148346
0.032667018473148346
0.032667022198438644
0.032667022198438644
0.032667018473148346
0.03266701474785805
0.032667018473148346
0.032667018473148346
0.032667018473148346
0.032667022198438644
0.032667022198438644
0.032667022198438644
0.032667018473148346
0.032667018473148346
0.032667022198438644
0.032667022198438644
0.032667022198438644
0.032667022198438644
0.032667022198438644
0.032667022198438644
0.032667022198438644
0.032667018473148346
0.032667022198438644
0.032667022198438644
0.032667022198438644
0.032667022198438644
0.032667022198438644
0.032667018473148346
0.032667018473148346
0.032667022198438644
0.032667022198438644
0.032667022198438644
0.032667018473148346
0.032667022198438644
0.032667022198438644
0.032667022198438644
0.032667022198438644
0.032667022198438644
0.032667022198438644
0.032667022198438644
0.032667022198438644
0.032667018473148346
0.032667018473148346
0.03266701474785805
0.032667022198438644
0.032667022198438644
0.032667022198438644
0.032667018473148346
0.032667018473148346
0.03266701474785805
0.032667022198438644
0.032667022198438644
0.032667022198438644
0.032667018473148346
0.03266701474785805
0.032667018473148346
0.032667018473148346
0.032667022198438644
0.032667022198438644
0.032667018473148346
0.032667022198438644
0.032667018473148346
0.032667022198438644
0.032667018473148346
0.032667022198438644
0.032667022198438644
0.032667022198438644
0.032667018473148346
0.032667018473148346
0.032667022198438644
0.032667018473148346
0.032667018473148346
0.032667018473148346
0.032667018473148346
0.032667018473148346
0.032667022198438644
0.032667022198438644
0.032667018473148346
0.032667018473148346
0.032667018473148346
0.032667022198438644
0.032667022198438644
0.032667022198438644
0.032667018473148346
0.032667018473148346
0.03266701474785805
0.032667022198438644
0.032667022198438644
0.032667018473148346
0.032667022198438644
0.032667022198438644
0.032667022198438644
0.032667018473148346
0.032667018473148346
0.032667018473148346
0.03266701474785805
0.03266701474785805
0.032667018473148346
0.032667018473148346
0.032667022198438644
0.032667022198438644
0.032667022198438644
0.032667018473148346
0.032667022198438644
0.032667022198438644
0.03266702592372894
0.032667022198438644
0.032667022198438644
0.032667018473148346
0.032667018473148346
0.032667018473148346
0.032667022198438644
0.032667022198438644
0.03266701474785805
0.03266701474785805
0.03266701474785805
0.032667018473148346
0.032667018473148346
0.032667022198438644
0.032667022198438644
0.032667018473148346
0.032667018473148346
0.032667018473148346
0.032667018473148346
0.032667022198438644
0.032667022198438644
0.032667022198438644
0.032667022198438644
0.03266701474785805
0.032667022198438644
0.032667022198438644
0.032667018473148346
0.032667018473148346
0.032667018473148346
0.032667018473148346
0.032667022198438644
0.032667022198438644
0.032667022198438644
0.032667018473148346
0.032667018473148346
0.032667018473148346
0.032667018473148346
0.032667022198438644
0.032667022198438644
0.032667022198438644
0.032667022198438644
0.032667018473148346
0.032667022198438644
0.032667022198438644
0.032667022198438644
0.032667018473148346
0.03266701474785805
0.032667018473148346
0.032667022198438644
0.032667022198438644
0.032667018473148346
0.032667022198438644
0.032667022198438644
0.032667022198438644
0.032667022198438644
0.032667018473148346
0.03266701474785805
0.032667022198438644
0.032667022198438644
0.032667018473148346
0.032667018473148346
0.032667018473148346
0.032667018473148346
0.032667018473148346
0.03266701474785805
0.032667018473148346
0.03266701474785805
0.032667022198438644
0.032667018473148346
0.032667018473148346
0.032667018473148346
0.032667018473148346
0.03266701474785805
0.032667018473148346
0.032667018473148346
0.032667022198438644
0.032667022198438644
0.032667022198438644
0.032667018473148346
0.03266701474785805
0.032667018473148346
0.032667022198438644
0.032667022198438644
0.032667022198438644
0.032667022198438644
0.032667022198438644
0.032667022198438644
0.032667018473148346
0.03266701474785805
0.032667018473148346
0.032667022198438644
0.032667022198438644
0.032667018473148346
0.03266701474785805
0.032667018473148346
0.032667022198438644
0.03266702592372894
0.032667022198438644
0.032667018473148346
0.032667018473148346
0.032667018473148346
0.032667022198438644
0.032667022198438644
0.032667022198438644
0.032667022198438644
0.032667018473148346
0.032667018473148346
0.032667018473148346
0.032667018473148346
0.032667022198438644
0.032667018473148346
0.032667018473148346
0.032667018473148346
0.032667018473148346
0.032667018473148346
0.032667018473148346
0.03266701474785805
0.032667018473148346
0.032667018473148346
0.032667018473148346
0.032667018473148346
0.032667018473148346
0.032667022198438644
0.032667018473148346
0.032667022198438644
0.032667022198438644
0.032667022198438644
0.03266701474785805
0.032667018473148346
0.03266701474785805
0.032667022198438644
0.032667022198438644
0.032667022198438644
0.032667018473148346
0.032667018473148346
0.032667022198438644
0.03266702592372894
0.032667022198438644
0.032667018473148346
0.032667018473148346
0.032667018473148346
0.032667022198438644
0.032667018473148346
0.032667018473148346
0.03266701474785805
0.032667018473148346
0.032667022198438644
0.03266702592372894
0.032667022198438644
0.032667018473148346
0.032667018473148346
0.032667018473148346
0.032667018473148346
0.03266701474785805
0.032667018473148346
0.032667022198438644
0.03266702592372894
0.032667022198438644
0.032667018473148346
0.032667018473148346
0.032667018473148346
0.03266702592372894
0.032667022198438644
0.032667022198438644
0.032667022198438644
0.032667022198438644
0.03266702592372894
0.032667022198438644
0.032667018473148346
0.032667018473148346
0.032667018473148346
0.032667022198438644
0.032667022198438644
0.03266701474785805
0.032667018473148346
0.032667018473148346
0.032667018473148346
0.032667018473148346
0.03266701474785805
0.03266701474785805
0.03266701474785805
0.032667018473148346
0.032667018473148346
0.032667018473148346
0.032667018473148346
0.03266701474785805
0.032667022198438644
0.032667022198438644
0.032667022198438644
0.032667018473148346
0.032667022198438644
0.032667022198438644
0.032667022198438644
0.032667022198438644
0.032667018473148346
0.032667022198438644
0.032667022198438644
0.032667018473148346
0.03266702592372894
0.03266702592372894
0.032667022198438644
0.032667022198438644
0.032667022198438644
0.032667022198438644
0.03266702592372894
0.032667022198438644
0.032667022198438644
0.032667022198438644
0.032667018473148346
0.03266701474785805
0.03266701474785805
0.032667018473148346
0.03266702592372894
0.03266702592372894
0.032667018473148346
0.032667022198438644
0.032667022198438644
0.032667018473148346
0.032667018473148346
0.032667018473148346
0.032667022198438644
0.032667018473148346
0.03266701474785805
0.032667022198438644
0.032667022198438644
0.032667022198438644
0.032667018473148346
0.032667018473148346
0.032667018473148346
0.032667022198438644
0.032667018473148346
0.032667018473148346
0.032667018473148346
0.032667018473148346
0.032667018473148346
0.03266701102256775
0.03266701474785805
0.032667018473148346
0.032667018473148346
0.03266701474785805
0.032667018473148346
0.032667018473148346
0.032667022198438644
0.032667022198438644
0.032667018473148346
0.032667022198438644
0.032667022198438644
0.032667018473148346
0.032667018473148346
0.032667018473148346
0.032667022198438644
0.032667022198438644
0.032667022198438644
0.032667022198438644
0.032667018473148346
0.032667022198438644
0.032667018473148346
0.032667018473148346
0.032667018473148346
0.032667018473148346
0.032667022198438644
0.032667022198438644
0.032667022198438644
0.032667022198438644
0.032667018473148346
0.032667018473148346
0.032667018473148346
0.03266701474785805
0.032667018473148346
0.032667022198438644
0.03266702592372894
0.032667022198438644
0.032667022198438644
0.032667018473148346
0.032667018473148346
0.03266701474785805
0.03266701474785805
0.032667018473148346
0.032667018473148346
0.032667018473148346
0.032667018473148346
0.032667022198438644
0.032667022198438644
0.032667022198438644
0.032667018473148346
0.032667018473148346
0.032667022198438644
0.032667018473148346
0.032667018473148346
0.032667022198438644
0.032667018473148346
0.032667022198438644
0.032667022198438644
0.032667018473148346
0.032667018473148346
0.032667022198438644
0.032667018473148346
0.032667018473148346
0.032667018473148346
0.032667018473148346
0.032667018473148346
0.032667018473148346
0.032667022198438644
0.032667022198438644
0.032667022198438644
0.032667022198438644
0.032667022198438644
0.032667018473148346
0.032667018473148346
0.032667018473148346
0.032667018473148346
0.03266701474785805
0.032667022198438644
0.032667022198438644
0.032667018473148346
0.032667022198438644
0.032667018473148346
0.032667018473148346
0.032667018473148346
0.032667022198438644
0.032667018473148346
0.032667018473148346
0.032667018473148346
0.032667018473148346
0.032667018473148346
0.03266701474785805
0.032667018473148346
0.032667018473148346
0.032667022198438644
0.032667018473148346
0.032667018473148346
0.032667018473148346
0.032667018473148346
0.03266701474785805
0.032667018473148346
0.032667018473148346
0.032667018473148346
0.032667022198438644
0.032667018473148346
0.032667022198438644
0.032667022198438644
0.032667022198438644
0.032667018473148346
0.032667018473148346
0.032667018473148346
0.032667022198438644
0.032667018473148346
0.032667018473148346
0.032667018473148346
0.032667018473148346
0.03266701474785805
0.03266701474785805
0.032667018473148346
0.032667018473148346
0.032667018473148346
0.032667022198438644
0.032667018473148346
0.032667022198438644
0.032667022198438644
0.032667022198438644
0.032667022198438644
0.032667018473148346
0.032667018473148346
0.03266701474785805
0.032667018473148346
0.03266702592372894
0.032667022198438644
0.032667022198438644
0.032667022198438644
0.032667022198438644
0.032667022198438644
0.032667018473148346
0.032667018473148346
0.032667018473148346
0.03266702592372894
0.032667022198438644
0.032667022198438644
0.032667018473148346
0.032667022198438644
0.032667018473148346
0.032667022198438644
0.032667022198438644
0.032667022198438644
0.032667018473148346
0.032667018473148346
0.032667018473148346
0.032667022198438644
0.032667022198438644
0.032667018473148346
0.032667018473148346
0.032667018473148346
0.032667022198438644
0.032667018473148346
0.032667022198438644
0.032667022198438644
0.032667018473148346
0.03266701474785805
0.032667022198438644
0.032667022198438644
0.032667018473148346
0.032667018473148346
0.032667018473148346
0.03266701474785805
0.032667018473148346
0.032667018473148346
0.032667022198438644
0.032667022198438644
0.032667018473148346
0.032667022198438644
0.032667018473148346
0.032667018473148346
0.032667018473148346
0.032667018473148346
0.032667018473148346
0.032667018473148346
0.03266701474785805
0.03266701474785805
0.03266701474785805
0.03266701474785805
0.032667018473148346
0.032667018473148346
0.032667018473148346
0.032667018473148346
0.032667018473148346
0.032667018473148346
0.032667018473148346
0.032667018473148346
0.032667022198438644
0.032667018473148346
0.032667022198438644
0.032667022198438644
0.03266702592372894
0.032667022198438644
0.032667018473148346
0.032667018473148346
0.032667018473148346
0.032667018473148346
0.032667022198438644
0.032667022198438644
0.032667018473148346
0.032667022198438644
0.032667018473148346
0.032667022198438644
0.032667022198438644
0.032667018473148346
0.032667018473148346
0.03266701474785805
0.032667018473148346
0.032667018473148346
0.032667022198438644
0.032667022198438644
0.032667022198438644
0.03266701474785805
0.032667022198438644
0.03266702592372894
0.032667022198438644
0.032667018473148346
0.032667018473148346
0.032667018473148346
0.032667022198438644
0.032667022198438644
0.032667022198438644
0.032667018473148346
0.032667018473148346
0.03266701474785805
0.03266701474785805
0.032667018473148346
0.032667022198438644
0.032667022198438644
0.032667022198438644
0.032667022198438644
0.03266701474785805
0.032667018473148346
0.032667022198438644
0.032667022198438644
0.032667022198438644
0.032667022198438644
0.032667018473148346
0.032667018473148346
0.032667018473148346
0.032667018473148346
0.032667018473148346
0.032667018473148346
0.032667018473148346
0.032667018473148346
0.03266701474785805
0.032667018473148346
0.032667018473148346
0.03266702592372894
0.03266702592372894
0.032667022198438644
0.032667022198438644
0.032667022198438644
0.032667022198438644
0.032667022198438644
0.032667018473148346
0.032667018473148346
0.032667022198438644
0.032667022198438644
0.032667022198438644
0.032667018473148346
0.032667018473148346
0.032667022198438644
0.03266702592372894
0.032667022198438644
0.032667018473148346
0.032667022198438644
0.032667022198438644
0.032667018473148346
0.03266701474785805
0.032667018473148346
0.032667018473148346
0.032667022198438644
0.032667022198438644
0.032667022198438644
0.032667022198438644
0.032667018473148346
0.032667018473148346
0.032667018473148346
0.032667018473148346
0.032667018473148346
0.032667022198438644
0.032667022198438644
0.032667018473148346
0.032667018473148346
0.032667018473148346
0.032667018473148346
0.032667018473148346
0.03266701474785805
0.032667018473148346
0.032667018473148346
0.032667018473148346
0.03266701474785805
0.032667022198438644
0.032667022198438644
0.032667022198438644
0.032667018473148346
0.032667018473148346
0.032667018473148346
0.032667022198438644
0.032667022198438644
0.032667018473148346
0.032667018473148346
0.032667022198438644
0.032667022198438644
0.032667022198438644
0.032667022198438644
0.032667022198438644
0.032667018473148346
0.032667018473148346
0.032667018473148346
0.032667022198438644
0.032667018473148346
0.032667018473148346
0.032667018473148346
0.032667018473148346
0.032667022198438644
0.032667022198438644
0.032667022198438644
0.032667022198438644
0.032667018473148346
0.032667018473148346
0.032667022198438644
0.032667018473148346
0.032667022198438644
0.032667022198438644
0.032667018473148346
0.032667018473148346
0.032667018473148346
0.032667018473148346
0.032667018473148346
0.032667022198438644
0.032667018473148346
0.032667022198438644
0.032667022198438644
0.032667022198438644
0.032667022198438644
0.032667018473148346
0.032667018473148346
0.032667022198438644
0.032667022198438644
0.032667022198438644
0.032667018473148346
0.032667018473148346
0.032667022198438644
0.032667022198438644
0.032667018473148346
0.032667022198438644
0.032667022198438644
0.032667022198438644
0.032667022198438644
0.032667022198438644
0.032667018473148346
0.032667018473148346
0.032667018473148346
0.03266701474785805
0.032667018473148346
0.032667018473148346
0.032667018473148346
0.03266701474785805
0.032667018473148346
0.032667018473148346
0.032667018473148346
0.032667018473148346
0.032667018473148346
0.032667022198438644
0.032667022198438644
0.032667022198438644
0.032667022198438644
0.032667018473148346
0.032667018473148346
0.03266701474785805
0.032667018473148346
0.032667022198438644
0.032667018473148346
0.032667018473148346
0.032667018473148346
0.032667018473148346
0.03266701474785805
0.03266701474785805
0.032667018473148346
0.032667018473148346
0.032667018473148346
0.032667018473148346
0.03266701474785805
0.032667022198438644
0.032667022198438644
0.032667022198438644
0.032667022198438644
0.032667018473148346
0.032667018473148346
0.032667018473148346
0.032667022198438644
0.032667022198438644
0.032667022198438644
0.032667018473148346
0.032667018473148346
0.032667018473148346
0.032667022198438644
0.032667022198438644
0.032667018473148346
0.032667018473148346
0.032667018473148346
0.032667022198438644
0.032667022198438644
0.032667022198438644
0.032667018473148346
0.032667018473148346
0.032667018473148346
0.03266702592372894
0.032667022198438644
0.032667022198438644
0.032667022198438644
0.032667018473148346
0.03266701474785805
0.032667018473148346
0.032667018473148346
0.032667022198438644
0.032667022198438644
0.032667018473148346
0.032667018473148346
0.032667018473148346
0.032667022198438644
0.032667022198438644
0.032667022198438644
0.032667022198438644
0.032667022198438644
0.032667018473148346
0.032667018473148346
0.032667018473148346
0.032667018473148346
0.032667018473148346
0.032667018473148346
0.03266701474785805
0.03266701474785805
0.03266701474785805
0.03266701474785805
0.03266701474785805
0.032667018473148346
0.032667018473148346
0.032667018473148346
0.032667018473148346
0.032667018473148346
0.032667018473148346
0.032667018473148346
0.032667018473148346
0.03266701474785805
0.032667018473148346
0.032667018473148346
0.032667018473148346
0.032667022198438644
0.032667018473148346
0.032667018473148346
0.032667018473148346
0.032667018473148346
0.032667018473148346
0.032667018473148346
0.032667018473148346
0.032667018473148346
0.032667018473148346
0.03266701474785805
0.032667018473148346
0.032667018473148346
0.032667022198438644
0.032667022198438644
0.032667018473148346
0.032667018473148346
0.032667022198438644
0.032667022198438644
0.032667018473148346
0.032667022198438644
0.032667022198438644
0.032667018473148346
0.032667018473148346
0.032667022198438644
0.032667022198438644
0.032667022198438644
0.032667022198438644
0.032667018473148346
0.032667018473148346
0.032667022198438644
0.03266702592372894
0.032667022198438644
0.032667018473148346
0.032667018473148346
0.032667022198438644
0.032667022198438644
0.032667018473148346
0.032667022198438644
0.032667018473148346
0.032667018473148346
0.032667018473148346
0.032667018473148346
0.03266701474785805
0.032667018473148346
0.032667022198438644
0.032667022198438644
0.032667022198438644
0.032667018473148346
0.032667018473148346
0.032667018473148346
0.032667022198438644
0.032667022198438644
0.032667022198438644
0.032667022198438644
0.032667018473148346
0.032667018473148346
0.032667018473148346
0.032667018473148346
0.032667018473148346
0.032667018473148346
0.03266701474785805
0.032667018473148346
0.032667018473148346
0.032667022198438644
0.032667018473148346
0.032667018473148346
0.032667018473148346
0.032667018473148346
0.03266701474785805
0.03266701474785805
0.03266701474785805
0.032667018473148346
0.032667022198438644
0.032667018473148346
0.032667018473148346
0.032667018473148346
0.032667018473148346
0.032667018473148346
0.03266701474785805
0.032667018473148346
0.032667018473148346
0.032667018473148346
0.032667018473148346
0.032667018473148346
0.032667018473148346
0.032667018473148346
0.032667018473148346
0.032667018473148346
0.032667018473148346
0.032667018473148346
0.032667022198438644
0.032667022198438644
0.032667022198438644
0.032667022198438644
0.032667018473148346
0.03266701474785805
0.032667018473148346
0.03266702592372894
0.03266702592372894
0.032667018473148346
0.032667018473148346
0.032667018473148346
0.032667022198438644
0.032667018473148346
0.032667018473148346
0.032667018473148346
0.032667018473148346
0.032667022198438644
0.032667022198438644
0.032667018473148346
0.032667018473148346
0.032667018473148346
0.032667022198438644
0.032667022198438644
0.032667022198438644
0.032667022198438644
0.032667022198438644
0.032667018473148346
0.032667018473148346
0.032667018473148346
0.03266702592372894
0.032667022198438644
0.032667022198438644
0.032667018473148346
0.03266702592372894
0.03266702592372894
0.032667022198438644
0.032667022198438644
0.032667022198438644
0.032667022198438644
0.032667022198438644
0.032667018473148346
0.032667022198438644
0.032667022198438644
0.032667022198438644
0.032667022198438644
0.032667022198438644
0.032667018473148346
0.032667018473148346
0.032667022198438644
0.032667022198438644
0.032667022198438644
0.032667022198438644
0.032667022198438644
0.032667022198438644
0.032667018473148346
0.032667022198438644
0.032667022198438644
0.032667022198438644
0.032667018473148346
0.032667018473148346
0.032667022198438644
0.03266702592372894
0.032667022198438644
0.032667018473148346
0.032667018473148346
0.032667022198438644
0.032667022198438644
0.032667022198438644
0.032667018473148346
0.03266701474785805
0.032667018473148346
0.032667018473148346
0.03266702592372894
0.032667018473148346
0.032667018473148346
0.032667018473148346
0.032667018473148346
0.03266701474785805
0.032667018473148346
0.032667022198438644
0.032667022198438644
0.032667018473148346
0.032667022198438644
0.03266702592372894
0.032667022198438644
0.032667018473148346
0.032667018473148346
0.03266701474785805
0.032667022198438644
0.03266702592372894
0.03266702592372894
0.032667018473148346
0.032667018473148346
0.032667022198438644
0.032667022198438644
0.032667022198438644
0.032667022198438644
0.032667022198438644
0.032667018473148346
0.032667018473148346
0.032667018473148346
0.03266702592372894
0.03266702592372894
0.032667022198438644
0.032667018473148346
0.032667018473148346
0.032667018473148346
0.03266702592372894
0.032667022198438644
0.032667022198438644
0.032667018473148346
0.032667022198438644
0.03266702592372894
0.032667022198438644
0.032667022198438644
0.032667018473148346
0.032667022198438644
0.032667022198438644
0.032667018473148346
0.032667018473148346
0.032667018473148346
0.032667022198438644
0.032667022198438644
0.032667018473148346
0.032667018473148346
0.032667018473148346
0.032667022198438644
0.032667022198438644
0.032667018473148346
0.032667018473148346
0.032667018473148346
0.032667018473148346
0.032667022198438644
0.032667018473148346
0.032667018473148346
0.032667018473148346
0.03266701474785805
0.032667018473148346
0.032667018473148346
0.032667022198438644
0.032667022198438644
0.032667018473148346
0.032667018473148346
0.032667018473148346
0.032667018473148346
0.032667018473148346
0.032667018473148346
0.032667022198438644
0.032667018473148346
0.032667018473148346
0.032667018473148346
0.03266701474785805
0.032667018473148346
0.032667018473148346
0.032667018473148346
0.032667018473148346
0.032667022198438644
0.032667022198438644
0.032667022198438644
0.032667018473148346
0.032667018473148346
0.032667018473148346
0.032667018473148346
0.03266701474785805
0.03266701474785805
0.032667018473148346
0.032667022198438644
0.032667022198438644
0.032667022198438644
0.032667022198438644
0.032667022198438644
0.032667022198438644
0.032667018473148346
0.032667018473148346
0.032667018473148346
0.032667022198438644
0.032667022198438644
0.032667018473148346
0.032667018473148346
0.032667018473148346
0.03266701474785805
0.03266701474785805
0.03266701474785805
0.03266701474785805
0.032667018473148346
0.032667022198438644
0.032667022198438644
0.032667018473148346
0.032667022198438644
0.032667022198438644
0.032667022198438644
0.032667018473148346
0.032667018473148346
0.032667022198438644
0.032667022198438644
0.032667022198438644
0.032667018473148346
0.032667018473148346
0.032667018473148346
0.032667018473148346
0.032667018473148346
0.032667018473148346
0.03266701474785805
0.03266701474785805
0.032667018473148346
0.032667018473148346
0.032667018473148346
0.03266701474785805
0.032667022198438644
0.032667022198438644
0.032667018473148346
0.032667018473148346
0.032667018473148346
0.032667022198438644
0.032667022198438644
0.032667022198438644
0.032667022198438644
0.032667018473148346
0.032667018473148346
0.032667018473148346
0.032667018473148346
0.032667018473148346
0.032667018473148346
0.032667018473148346
0.03266701474785805
0.03266701474785805
0.032667018473148346
0.032667022198438644
0.032667018473148346
0.032667018473148346
0.032667018473148346
0.032667022198438644
0.032667018473148346
0.032667018473148346
0.032667022198438644
0.03266702592372894
0.032667018473148346
0.032667022198438644
0.032667022198438644
0.032667018473148346
0.03266701474785805
0.032667018473148346
0.032667022198438644
0.03266702592372894
0.032667022198438644
0.032667018473148346
0.032667018473148346
0.032667022198438644
0.032667022198438644
0.032667022198438644
0.032667018473148346
0.03266701474785805
0.032667018473148346
0.032667018473148346
0.032667022198438644
0.032667018473148346
0.032667018473148346
0.032667018473148346
0.03266701474785805
0.032667018473148346
0.032667022198438644
0.032667018473148346
0.03266701474785805
0.032667018473148346
0.032667018473148346
0.032667022198438644
0.032667018473148346
0.032667018473148346
0.032667018473148346
0.032667018473148346
0.032667018473148346
0.032667018473148346
0.03266701474785805
0.032667018473148346
0.03266701474785805
0.032667018473148346
0.032667022198438644
0.032667022198438644
0.032667022198438644
0.032667018473148346
0.032667018473148346
0.032667022198438644
0.032667022198438644
0.032667018473148346
0.032667022198438644
0.032667022198438644
0.032667022198438644
0.032667022198438644
0.032667022198438644
0.032667018473148346
0.032667022198438644
0.032667022198438644
0.032667022198438644
0.032667022198438644
0.032667018473148346
0.032667022198438644
0.032667022198438644
0.032667022198438644
0.032667018473148346
0.032667018473148346
0.032667022198438644
0.03266702592372894
0.032667022198438644
0.032667018473148346
0.032667022198438644
0.03266702592372894
0.032667022198438644
0.032667018473148346
0.03266701474785805
0.032667022198438644
0.032667022198438644
0.03266702592372894
0.032667022198438644
0.032667018473148346
0.032667018473148346
0.032667022198438644
0.032667022198438644
0.032667022198438644
0.032667018473148346
0.03266701474785805
0.032667018473148346
0.032667022198438644
0.032667022198438644
0.032667018473148346
0.032667022198438644
0.032667022198438644
0.032667022198438644
0.032667022198438644
0.032667022198438644
0.032667018473148346
0.032667018473148346
0.032667018473148346
0.032667022198438644
0.032667022198438644
0.032667022198438644
0.03266701474785805
0.032667018473148346
0.032667018473148346
0.032667022198438644
0.03266701474785805
0.032667018473148346
0.032667018473148346
0.032667018473148346
0.032667018473148346
0.032667018473148346
0.032667018473148346
0.03266701474785805
0.03266701474785805
0.03266701474785805
0.032667018473148346
0.032667018473148346
0.032667018473148346
0.032667018473148346
0.032667022198438644
0.032667022198438644
0.032667022198438644
0.03266702592372894
0.032667018473148346
0.032667018473148346
0.032667022198438644
0.032667022198438644
0.03266701474785805
0.032667018473148346
0.032667018473148346
0.03266701474785805
0.03266701474785805
0.032667022198438644
0.032667022198438644
0.032667018473148346
0.032667018473148346
0.03266701474785805
0.032667018473148346
0.032667018473148346
0.032667022198438644
0.032667022198438644
0.032667018473148346
0.032667022198438644
0.03266701474785805
0.032667022198438644
0.032667022198438644
0.032667022198438644
0.032667018473148346
0.03266701474785805
0.032667018473148346
0.032667018473148346
0.032667022198438644
0.032667022198438644
0.032667022198438644
0.032667022198438644
0.03266702592372894
0.032667018473148346
0.032667018473148346
0.032667018473148346
0.032667018473148346
0.03266701474785805
0.03266701474785805
0.032667018473148346
0.032667022198438644
0.032667022198438644
0.032667018473148346
0.032667018473148346
0.032667022198438644
0.032667022198438644
0.032667018473148346
0.032667022198438644
0.032667022198438644
0.032667022198438644
0.032667022198438644
0.032667018473148346
0.032667018473148346
0.032667018473148346
0.03266701474785805
0.03266701474785805
0.03266701474785805
0.032667018473148346
0.032667018473148346
0.032667018473148346
0.032667018473148346
0.03266701474785805
0.032667018473148346
0.032667018473148346
0.032667018473148346
0.032667018473148346
0.032667018473148346
0.032667022198438644
0.032667022198438644
0.032667022198438644
0.032667022198438644
0.032667018473148346
0.032667018473148346
0.032667018473148346
0.032667022198438644
0.032667022198438644
0.032667018473148346
0.032667022198438644
0.032667022198438644
0.032667018473148346
0.032667018473148346
0.032667022198438644
0.032667022198438644
0.032667022198438644
0.032667022198438644
0.032667018473148346
0.032667022198438644
0.032667018473148346
0.032667022198438644
0.032667022198438644
0.032667022198438644
0.032667018473148346
0.032667018473148346
0.032667022198438644
0.032667022198438644
0.032667022198438644
0.032667022198438644
0.032667022198438644
0.032667018473148346
0.032667018473148346
0.032667022198438644
0.032667022198438644
0.032667022198438644
0.032667018473148346
0.032667018473148346
0.032667022198438644
0.032667022198438644
0.032667022198438644
0.032667018473148346
0.03266701474785805
0.032667018473148346
0.032667018473148346
0.03266702592372894
0.032667022198438644
0.032667018473148346
0.032667018473148346
0.032667018473148346
0.032667018473148346
0.032667018473148346
0.032667018473148346
0.032667018473148346
0.032667018473148346
0.032667018473148346
0.03266701474785805
0.03266701474785805
0.032667018473148346
0.032667018473148346
0.032667018473148346
0.032667018473148346
0.032667018473148346
0.032667018473148346
0.032667022198438644
0.032667022198438644
0.032667018473148346
0.032667022198438644
0.032667022198438644
0.032667022198438644
0.032667022198438644
0.032667018473148346
0.032667018473148346
0.032667018473148346
0.032667018473148346
0.032667018473148346
0.032667018473148346
0.03266701474785805
0.03266701474785805
0.03266701474785805
0.032667018473148346
0.032667018473148346
0.03266701474785805
0.032667022198438644
0.032667022198438644
0.032667018473148346
0.032667018473148346
0.032667022198438644
0.032667022198438644
0.032667018473148346
0.032667022198438644
0.032667022198438644
0.032667022198438644
0.032667022198438644
0.03266701474785805
0.032667022198438644
0.032667022198438644
0.032667018473148346
0.032667018473148346
0.032667018473148346
0.032667018473148346
0.03266702592372894
0.032667022198438644
0.032667018473148346
0.032667022198438644
0.032667022198438644
0.032667018473148346
0.032667018473148346
0.032667022198438644
0.032667022198438644
0.032667022198438644
0.032667022198438644
0.032667018473148346
0.032667018473148346
0.03266702592372894
0.032667022198438644
0.032667018473148346
0.032667018473148346
0.032667018473148346
0.032667018473148346
0.03266702592372894
0.032667022198438644
0.032667022198438644
0.032667018473148346
0.032667018473148346
0.032667018473148346
0.032667018473148346
0.032667018473148346
0.03266701474785805
0.032667018473148346
0.03266701474785805
0.032667018473148346
0.03266701474785805
0.032667022198438644
0.032667022198438644
0.032667018473148346
0.032667018473148346
0.032667022198438644
0.032667022198438644
0.032667018473148346
0.032667022198438644
0.032667018473148346
0.032667018473148346
0.032667022198438644
0.032667022198438644
0.032667022198438644
0.032667022198438644
0.032667022198438644
0.03266701474785805
0.032667018473148346
0.032667018473148346
0.032667022198438644
0.032667022198438644
0.032667022198438644
0.032667018473148346
0.03266701474785805
0.03266701474785805
0.032667018473148346
0.032667018473148346
0.032667018473148346
0.032667018473148346
0.032667018473148346
0.032667018473148346
0.032667022198438644
0.032667022198438644
0.032667022198438644
0.032667018473148346
0.032667018473148346
0.032667018473148346
0.032667018473148346
0.032667018473148346
0.032667018473148346
0.03266701474785805
0.03266701474785805
0.032667018473148346
0.032667022198438644
0.032667022198438644
0.032667018473148346
0.032667018473148346
0.032667022198438644
0.032667022198438644
0.032667018473148346
0.032667018473148346
0.032667022198438644
0.032667022198438644
0.032667018473148346
0.032667018473148346
0.032667018473148346
0.032667022198438644
0.032667022198438644
0.032667022198438644
0.032667018473148346
0.032667018473148346
0.032667018473148346
0.032667018473148346
0.032667018473148346
0.032667018473148346
0.032667018473148346
0.032667018473148346
0.032667018473148346
0.03266701474785805
0.032667018473148346
0.032667018473148346
0.032667022198438644
0.032667022198438644
0.032667018473148346
0.032667022198438644
0.032667018473148346
0.03266702592372894
0.032667022198438644
0.032667022198438644
0.032667022198438644
0.032667018473148346
0.032667018473148346
0.032667018473148346
0.032667018473148346
0.032667018473148346
0.032667018473148346
0.032667018473148346
0.032667018473148346
0.032667022198438644
0.032667022198438644
0.032667022198438644
0.032667018473148346
0.032667022198438644
0.032667018473148346
0.032667022198438644
0.032667022198438644
0.032667022198438644
0.032667018473148346
0.03266701474785805
0.032667018473148346
0.032667022198438644
0.032667022198438644
0.032667022198438644
0.032667018473148346
0.032667018473148346
0.03266702592372894
0.03266702592372894
0.032667022198438644
0.032667018473148346
0.032667018473148346
0.032667018473148346
0.032667022198438644
0.032667018473148346
0.032667018473148346
0.032667022198438644
0.032667022198438644
0.032667018473148346
0.03266701474785805
0.032667018473148346
